0.052464        1.00000
0.052989	0.99938	
0.053513	0.99764	
0.054038	0.99476	
0.054563	0.99076	
0.055087	0.98553	
0.055612	0.97911	
0.056136	0.97141	
0.056661	0.96243	
0.057186	0.95216	
0.057710	0.94051	
0.058235	0.92742	
0.058760	0.91284	
0.059284	0.89678	
0.059809	0.87917	
0.060334	0.85987	
0.060858	0.83898	
0.061383	0.81634	
0.061908	0.79196	
0.062432	0.76584	
0.062957	0.73796	
0.063482	0.70829	
0.064006	0.67688	
0.064531	0.64383	
0.065055	0.60913	
0.065580	0.57289	
0.066105	0.53526	
0.066629	0.49633	
0.067154	0.45629	
0.067678	0.41532	
0.068203	0.37361	
0.068728	0.33138	
0.069252	0.28886	
0.069777	0.24628	
0.070302	0.20403	
0.070826	0.16202	
0.071351	0.12061	
0.071876	0.080038	
0.072400	0.040474	
0.072925	0.0020860	
0.073449	-0.034980	
0.073974	-0.070604	
0.074499	-0.10470	
0.075023	-0.13718	
0.075548	-0.16802	
0.076073	-0.19717	
0.076597	-0.22465	
0.077122	-0.25047	
0.077647	-0.27465	
0.078171	-0.29723	
0.078697	-0.31827	
0.079220	-0.33782	
0.079746	-0.35595	
0.080269	-0.37272	
0.080795	-0.38821	
0.081318	-0.40248	
0.081844	-0.41560	
0.082367	-0.42765	
0.082893	-0.43868	
0.083416	-0.44875	
0.083942	-0.45793	
0.084468	-0.46627	
0.084991	-0.47382	
0.085517	-0.48063	
0.086040	-0.48674	
0.086566	-0.49219	
0.087089	-0.49701	
0.087615	-0.50128	
0.088138	-0.50495	
0.088664	-0.50809	
0.089190	-0.51072	
0.089713	-0.51286	
0.090239	-0.51453	
0.090762	-0.51576	
0.091288	-0.51653	
0.091811	-0.51689	
0.092337	-0.51689	
0.092860	-0.51643	
0.093386	-0.51560	
0.093909	-0.51447	
0.094435	-0.51294	
0.094961	-0.51109	
0.095484	-0.50894	
0.096010	-0.50651	
0.096533	-0.50383	
0.097059	-0.50093	
0.097582	-0.49785	
0.098108	-0.49462	
0.098631	-0.49130	
0.099157	-0.48793	
0.099683	-0.48457	
0.10021	-0.48128	
0.10073	-0.47811	
0.10125	-0.47513	
0.10178	-0.47241	
0.10230	-0.46998	
0.10283	-0.46792	
0.10335	-0.46626	
0.10388	-0.46503	
0.10440	-0.46432	
0.10493	-0.46408	
0.10545	-0.46432	
0.10598	-0.46503	
0.10650	-0.46626	
0.10703	-0.46792	
0.10755	-0.46998	
0.10808	-0.47241	
0.10860	-0.47513	
0.10912	-0.47811	
0.10965	-0.48128	
0.11017	-0.48457	
0.11070	-0.48793	
0.11122	-0.49130	
0.11175	-0.49462	
0.11227	-0.49785	
0.11280	-0.50093	
0.11332	-0.50383	
0.11385	-0.50651	
0.11437	-0.50894	
0.11490	-0.51109	
0.11542	-0.51294	
0.11595	-0.51447	
0.11647	-0.51560	
0.11699	-0.51643	
0.11752	-0.51689	
0.11804	-0.51689	
0.11857	-0.51653	
0.11909	-0.51576	
0.11962	-0.51453	
0.12014	-0.51286	
0.12067	-0.51072	
0.12119	-0.50809	
0.12172	-0.50495	
0.12224	-0.50128	
0.12277	-0.49701	
0.12329	-0.49219	
0.12382	-0.48674	
0.12434	-0.48063	
0.12486	-0.47382	
0.12539	-0.46627	
0.12591	-0.45793	
0.12644	-0.44875	
0.12696	-0.43868	
0.12749	-0.42765	
0.12801	-0.41560	
0.12854	-0.40248	
0.12906	-0.38821	
0.12959	-0.37272	
0.13011	-0.35595	
0.13063	-0.33782	
0.13116	-0.31827	
0.13168	-0.29723	
0.13221	-0.27465	
0.13273	-0.25047	
0.13326	-0.22465	
0.13378	-0.19717	
0.13431	-0.16802	
0.13483	-0.13718	
0.13536	-0.10470	
0.13588	-0.070604	
0.13641	-0.034980	
0.13693	0.0020860	
0.13746	0.040474	
0.13798	0.080038	
0.13850	0.12061	
0.13903	0.16202	
0.13955	0.20403	
0.14008	0.24628	
0.14060	0.28886	
0.14113	0.33138	
0.14165	0.37361	
0.14218	0.41532	
0.14270	0.45629	
0.14323	0.49633	
0.14375	0.53526	
0.14427	0.57289	
0.14480	0.60913	
0.14532	0.64383	
0.14585	0.67688	
0.14637	0.70829	
0.14690	0.73796	
0.14742	0.76584	
0.14795	0.79196	
0.14847	0.81634	
0.14900	0.83898	
0.14952	0.85987	
0.15005	0.87917	
0.15057	0.89678	
0.15110	0.91284	
0.15162	0.92742	
0.15214	0.94051	
0.15267	0.95216	
0.15319	0.96243	
0.15371	0.97141	
0.15424	0.97911	
0.15476	0.98553	
0.15529	0.99076	
0.15581	0.99476	
0.15634	0.99764	
0.15686	0.99938	
0.15739	1.0000	
