  39 
  0 
  0.948049 
  0.948049
  -0.283272903899474
   0.225980368469657
 -2.545293287343544E-006
 -4.106957450093996E-002
  3.779297126145989E-006
 -0.854294524373186
  4.175783576450090E-005
 -0.356146975933525
  2.058815948061170E-005
  8.638901961356743E-002
 -1.203197903861029E-005
 -1.012808269491663E-002
  2.581694252636081E-006
 -2.291080544400536E-003
  1.380519361316059E-006
 -1.350010860279722E-002
  9.583753259396397E-007
  4.449300338011189E-002
 -3.899232639049370E-006
  8.074361046180877E-002
 -1.441139476069555E-005
  5.796833689435383E-003
  1.645877883925885E-006
 -7.474910048389280E-003
  3.103509885581932E-006
  2.960892930676375E-003
 -3.614938369527758E-006
  4.693502897047049E-004
  1.401091418008962E-006
 -1.129523881717449E-004
 -1.345287418031404E-006
 -1.296257291098192E-002
  3.223188569399184E-006
 -7.897235030993549E-003
  2.594765781791751E-006
  1.702048033317220E-003
 -3.025131305378298E-006
 -4.085837954459616E-004
  2.351774178360391E-006
  1 
  0 
  0.948049 
  0.948049
  0
