0.15739	1.0000	
0.15791	0.99956	
0.15844	0.99825	
0.15896	0.99608	
0.15949	0.99304	
0.16001	0.98911	
0.16054	0.98427	
0.16106	0.97850	
0.16159	0.97178	
0.16211	0.96408	
0.16264	0.95537	
0.16316	0.94564	
0.16369	0.93484	
0.16421	0.92295	
0.16473	0.90994	
0.16526	0.89580	
0.16578	0.88050	
0.16631	0.86402	
0.16683	0.84638	
0.16736	0.82756	
0.16788	0.80758	
0.16841	0.78648	
0.16893	0.76429	
0.16946	0.74108	
0.16998	0.71690	
0.17051	0.69186	
0.17103	0.66605	
0.17156	0.63959	
0.17208	0.61261	
0.17260	0.58525	
0.17313	0.55767	
0.17365	0.53001	
0.17418	0.50243	
0.17470	0.47508	
0.17523	0.44819	
0.17575	0.42172	
0.17628	0.39589	
0.17680	0.37081	
0.17733	0.34657	
0.17785	0.32327	
0.17838	0.30096	
0.17890	0.27968	
0.17942	0.25948	
0.17995	0.24037	
0.18047	0.22234	
0.18100	0.20540	
0.18152	0.18952	
0.18205	0.17467	
0.18257	0.16083	
0.18310	0.14795	
0.18362	0.13599	
0.18415	0.12491	
0.18467	0.11465	
0.18520	0.10517	
0.18572	0.096428	
0.18625	0.088367	
0.18677	0.080945	
0.18729	0.074117	
0.18782	0.067842	
0.18834	0.062079	
0.18887	0.056790	
0.18939	0.051938	
0.18992	0.047489	
0.19044	0.043412	
0.19097	0.039677	
0.19149	0.036256	
0.19202	0.033124	
0.19254	0.030236	
0.19307	0.027614	
0.19359	0.025215	
0.19411	0.023020	
0.19464	0.021011	
0.19516	0.019173	
0.19569	0.017492	
0.19621	0.015953	
0.19674	0.014545	
0.19726	0.013256	
0.19779	0.012075	
0.19831	0.010994	
0.19884	0.010002	
0.19936	0.0090936	
0.19989	0.0082596	
0.20041	0.0074936	
0.20093	0.0067893	
0.20146	0.0061410	
0.20198	0.0055433	
0.20251	0.0049914	
0.20303	0.0044807	
0.20356	0.0040069	
0.20408	0.0035663	
0.20461	0.0031551	
0.20513	0.0027700	
0.20566	0.0024078	
0.20618	0.0020655	
0.20671	0.0017403	
0.20723	0.0014295	
0.20776	0.0011306	
0.20828	0.00084103	
0.20880	0.00056553	
0.20933	0.00028090	
0.20985	0.0000	
