-0.2000000	5.15056E-12
-0.1966600	9.63292E-05
-0.1933400	1.97104E-04
-0.1900000	3.08575E-04
-0.1866600	4.34758E-04
-0.1833400	5.83883E-04
-0.1800000	7.61973E-04
-0.1766600	9.77918E-04
-0.1733400	1.24520E-03
-0.1700000	1.57327E-03
-0.1666600	1.98251E-03
-0.1633400	2.49183E-03
-0.1600000	3.12590E-03
-0.1566600	3.91741E-03
-0.1533400	4.90966E-03
-0.1500000	6.14568E-03
-0.1466600	7.69143E-03
-0.1433400	9.63005E-03
-0.1400000	1.20447E-02
-0.1366600	1.50617E-02
-0.1333400	1.88299E-02
-0.1300000	2.35503E-02
-0.1266600	2.94236E-02
-0.1233400	3.67365E-02
-0.1200000	4.58560E-02
-0.1166600	5.71551E-02
-0.1133400	7.11500E-02
-0.1100000	8.83854E-02
-0.1066600	1.09550E-01
-0.1033400	1.35389E-01
-0.1000000	1.66590E-01
-0.0966600	2.03929E-01
-0.0933400	2.48007E-01
-0.0900000	2.99111E-01
-0.0866600	3.57040E-01
-0.0833400	4.21279E-01
-0.0800000	4.90106E-01
-0.0766600	5.62661E-01
-0.0733400	6.34930E-01
-0.0700000	7.04904E-01
-0.0666600	7.68569E-01
-0.0633400	8.24778E-01
-0.0600000	8.72670E-01
-0.0566600	9.11672E-01
-0.0533400	9.42071E-01
-0.0500000	9.64726E-01
-0.0466600	9.80499E-01
-0.0433400	9.91110E-01
-0.0400000	9.96845E-01
-0.0366600	9.99713E-01
-0.0333400	1.00000E+00
-0.0300000	9.98566E-01
-0.0266600	9.96272E-01
-0.0233400	9.93404E-01
-0.0200000	9.90249E-01
-0.0166660	9.87382E-01
-0.0133340	9.84514E-01
-0.0100000	9.82220E-01
-0.0066660	9.80786E-01
-0.0033340	9.79639E-01
0.0000000	9.79352E-01
0.0033340	9.79639E-01
0.0066660	9.80786E-01
0.0100000	9.82220E-01
0.0133340	9.84514E-01
0.0166660	9.87382E-01
0.0200000	9.90249E-01
0.0233400	9.93404E-01
0.0266600	9.96272E-01
0.0300000	9.98566E-01
0.0333400	1.00000E+00
0.0366600	9.99713E-01
0.0400000	9.96845E-01
0.0433400	9.91110E-01
0.0466600	9.80499E-01
0.0500000	9.64726E-01
0.0533400	9.42071E-01
0.0566600	9.11672E-01
0.0600000	8.72670E-01
0.0633400	8.24778E-01
0.0666600	7.68569E-01
0.0700000	7.04904E-01
0.0733400	6.34930E-01
0.0766600	5.62661E-01
0.0800000	4.90106E-01
0.0833400	4.21279E-01
0.0866600	3.57040E-01
0.0900000	2.99111E-01
0.0933400	2.48007E-01
0.0966600	2.03929E-01
0.1000000	1.66590E-01
0.1033400	1.35389E-01
0.1066600	1.09550E-01
0.1100000	8.83854E-02
0.1133400	7.11500E-02
0.1166600	5.71551E-02
0.1200000	4.58560E-02
0.1233400	3.67365E-02
0.1266600	2.94236E-02
0.1300000	2.35503E-02
0.1333400	1.88299E-02
0.1366600	1.50617E-02
0.1400000	1.20447E-02
0.1433400	9.63005E-03
0.1466600	7.69143E-03
0.1500000	6.14568E-03
0.1533400	4.90966E-03
0.1566600	3.91741E-03
0.1600000	3.12590E-03
0.1633400	2.49183E-03
0.1666600	1.98251E-03
0.1700000	1.57327E-03
0.1733400	1.24520E-03
0.1766600	9.77918E-04
0.1800000	7.61973E-04
0.1833400	5.83883E-04
0.1866600	4.34758E-04
0.1900000	3.08575E-04
0.1933400	1.97104E-04
0.1966600	9.63292E-05
0.2000000	5.15056E-12
