   0.8137706278645931     / real and imaginary parts of the Fourier coefficients.
   0.5756275805342818     
   5.0065470112188268E-017
   0.1452620095711323     
  -5.9709151552862036E-017
  -8.2916495762226317E-002
  -5.9166701470669199E-019
  -7.9310179216217844E-002
   8.2992834449698550E-018
  -1.1752013050237518E-002
   7.0908415634445002E-018
   1.8032782663505137E-002
   9.2452404645485122E-017
   1.1746258166900022E-002
   1.3567020388452436E-016
  -9.1685910129621977E-005
   7.4306074553427935E-017
  -3.5910783420862536E-003
  -7.3056497336578210E-018
  -1.6362493168953259E-003
  -7.9168909576435915E-017
   4.0578869415880094E-004
   1.7028868448173330E-019
   7.1879762369876361E-004
   7.7607440093123783E-017
   2.1419450183563776E-004
   9.5036733853215592E-017
  -1.8447171614107848E-004
   4.1220678998418846E-017
  -1.7891791752844895E-004
   7.1286379154351741E-017
  -1.4471932593979784E-005
  -2.5868318680626051E-018
   1.0683853493646270E-004
  -1.1329562695384326E-016
   7.1156752259130552E-005
  -2.5577135817515052E-016
  -1.2198543924138324E-005
  -2.3837526258331816E-016
