   0.7740262438960561    /real and imaginary parts of the Fourier coefficients. 
   0.5434274046215288     
  -8.2940231787599628E-010
   0.1452378908932095     
   1.0617213761377614E-008
  -4.5612108249766442E-002
   1.9100131695498016E-008
  -3.9323014955048557E-002
   5.0795279180754216E-010
   1.1367997233302785E-003
  -3.4678123487369428E-008
   9.4703154827546557E-003
  -5.6282382311233399E-008
   1.9638180839119043E-003
  -3.1642798607040001E-008
  -1.9006968220802931E-003
  -4.0359680040721879E-008
  -1.0302696109041123E-003
   8.6358973286262269E-009
   1.1546785094272011E-004
   6.3435436459258199E-008
   1.9494642242914167E-004
   1.4031877526750336E-007
  -5.3324766558192349E-005
   1.5613407633257269E-007
  -1.1633010160114893E-004
   1.3040630619798321E-007
  -6.6793569704758082E-005
  -7.8418054272333393E-009
  -3.1750506987761329E-005
  -1.1577878922253149E-007
  -3.2102789877329341E-005
  -4.8055539991764817E-008
  -3.3739646138043755E-005
   1.3360931916395202E-008
  -3.2341447880911145E-005
   1.0999607269511838E-007
  -2.7352738466858428E-005
   3.8533585212420507E-008
