0.0  1.0
0.002  1.0
0.004  0.998639352937
0.006  0.995502305541
0.008  0.990815632323
0.01  0.984503741779
0.012  0.97656663391
0.014  0.966815329957
0.016  0.955212034167
0.018  0.941605563535
0.02  0.925693552045
0.022  0.907324816691
0.024  0.886121399955
0.026  0.861780935823
0.028  0.833887671026
0.03  0.802101443798
0.032  0.766082092373
0.034  0.725640637992
0.036  0.680739284904
0.038  0.63160480762
0.04  0.578766346663
0.042  0.523206591579
0.044  0.466135006425
0.046  0.409101217023
0.048  0.353620833018
0.05  0.301209464056
0.052  0.253057676317
0.054  0.209962960163
0.056  0.172314611838
0.058  0.14011263134
0.06  0.113058432232
0.062  0.0906720084662
0.064  0.0723675258901
0.066  0.0575440320508
0.068  0.0456232519465
0.07  0.0360964547585
0.072  0.0285123592108
0.074  0.0224948975735
0.076  0.0177322548945
0.078  0.0139696878071
0.08  0.0110008315065
0.082  0.00866127447275
0.084  0.00681873157457
0.086  0.00536926449467
0.088  0.00422972257918
0.09  0.00333498374783
0.092  0.00263323002495
0.094  0.00208405775191
0.096  0.00165571849724
0.098  0.00132341824779
0.1  0.00106791896591
0.102  0.000874329125406
0.104  0.000731461183763
0.106  0.000631000075592
0.108  0.000567238642377
0.11  0.00053654849195
