   1
   0.0
   0.8
   0.8
   0.0
   79
   0.0
   0.8
   0.8
   0.4705796305921685     
   0.4165424522862848     
  -2.2343882148962487E-003
   0.2894161003110496     
  -2.3686231952807580E-003
   0.1408380803756483     
  -9.7961072663941087E-004
   1.9695892624444603E-002
   4.8595456482858481E-004
  -4.4121974006508781E-002
   1.0550072847367636E-003
  -5.2463031826480523E-002
   7.5652157155830298E-004
  -2.9091109789754089E-002
   1.2926973559361111E-004
  -1.6551862079971838E-003
  -2.9491792217489499E-004
   1.3350074053388597E-002
  -3.5846524038650208E-004
   1.3701827982092117E-002
  -1.7712244993191910E-004
   6.2434176813383150E-003
   2.3545817221481867E-005
  -1.1614127064567157E-003
   1.2108592067344040E-004
  -4.3483178771257514E-003
   9.9372123814641628E-005
  -3.5410269041548262E-003
   3.1420607696134496E-005
  -1.0897666867348461E-003
  -2.5638262901958190E-005
   8.0469521274941121E-004
  -3.8746419551795776E-005
   1.3330480263885819E-003
  -2.4796445311809584E-005
   8.3462259723194937E-004
  -9.5331383691822040E-007
   9.8188467061862509E-005
   1.0427404700928780E-005
  -3.4472545558872765E-004
   1.1920477096251919E-005
  -3.7121719732997649E-004
   4.1084407269984037E-006
  -1.7288724278106699E-004
  -9.0409437658035594E-007
   3.3074841162547536E-005
  -4.4210273496320709E-006
   1.1772369057062072E-004
  -2.2857626724796675E-006
   9.5473007527572152E-005
  -1.1384246534216932E-006
   2.6155207829208053E-005
   1.3865413229057952E-006
  -2.2757228383004270E-005
   6.7280313317805064E-007
  -3.6664350300142226E-005
   1.0714849697239383E-006
  -2.0651831202543957E-005
  -4.7542400191840840E-007
  -2.0429773015450220E-006
   8.7766340393192253E-008
   1.0300090864207685E-005
  -7.2084289031504193E-007
   9.1637763609298051E-006
   2.9963609155059975E-007
   4.6114095747041578E-006
  -3.3238125986664603E-007
  -1.7211829593833110E-006
   4.8988398641048381E-007
  -2.7426321218914079E-006
  -2.9908303944429934E-007
  -2.8199423168114462E-006
   3.6870719306096113E-007
  -1.1865104248794991E-007
  -3.7765588417785395E-007
   3.0144430875377122E-007
   3.1012426753389894E-007
   1.3210983377494924E-006
  -3.4591200178301881E-007
