39.0
-0.05246
0.05246
0.10492
 0.670005437518991886
 0.488174174548606010
 0.496520355521881884E-09
 0.184534025218066278
 0.705100737760271245E-09
 0.212900065683539787E-01
 0.226926801125131746E-08
 -0.174837825234015545E-01
 0.117111280656924468E-07
 -0.108852011357271836E-01
 0.119321238670418007E-08
 -0.244232897028092951E-02
 -0.353326736516195440E-08
 0.846443472206290454E-03
 0.186541904788592996E-10
 0.659482111140251379E-03
 -0.184616548599958591E-07
 0.284552922565652815E-03
 -0.268543475638274457E-08
 -0.647791823912812343E-04
 0.364025596019431113E-08
 0.169962167853568044E-05
 0.107465296376716571E-07
 -0.654743409391514398E-04
 -0.544652964214486512E-08
 0.478594492931961436E-05
 -0.859034144709864744E-08
 -0.437440799612693021E-04
 -0.958261356598358673E-08
 0.397255320536787804E-04
 0.198281633250538364E-07
 0.513858283324637320E-05
 0.149308469274701179E-07
 0.313815200010162556E-04
 -0.121868624385933011E-08
 -0.186586354175712682E-04
 -0.409001821460708209E-08
 0.798111586977680839E-05
 0.657581975584857066E-08
1.0
0.0
0.0
0.0
0.0
