39.0
-0.052464
0.052464
0.104928
 0.670002853976808144
 -0.488198923407301977
 0.113480302104379703E-07
 0.184595507623581845
 -0.771467876914798637E-08
 -0.213348183325670661E-01
 0.602607452492874485E-09
 -0.174781481227238022E-01
 0.451769540013374849E-08
 0.109000464217044266E-01
 -0.596395860404683527E-09
 -0.245640689122245820E-02
 0.531099067112889363E-07
 -0.837267975824588714E-03
 0.796730829292232353E-07
 0.658132017266371133E-03
 0.230345526985256222E-07
 -0.285586070463212521E-03
 -0.199486349660008303E-07
 -0.643828139411627143E-04
 0.141973546425177074E-07
 -0.832668960948357295E-06
 0.547140405641801339E-07
 -0.538330719898841986E-04
 0.584708220228048243E-07
 -0.285487321922683890E-04
 -0.337187379853933816E-07
 -0.281781236689711279E-04
 0.219574640502117475E-07
 -0.254874680860796982E-04
 -0.891928108385766160E-07
 -0.142715353094909070E-04
 0.680653279546699264E-07
 -0.243108786923684761E-04
 -0.959187447688433074E-08
 -0.148944953008538217E-04
 -0.321672254144022751E-08
 -0.121690942590166329E-04
 -0.200760663679720450E-07
1.0
0.0
0.0
0.0
0.0
