1.0
0.0
0.0
0.0
0.0
59.0
0.0
1.0
1.0
 911.401248691347178
 -310.183373480164278
 -795.983505632538026
 -515.751814800326656
 477.609702637906707
 451.849250209668185
 216.097637273224876
 20.3422477611562016
 -294.891714586082628
 -118.371731756052313
 37.2143205485979038
 3.00216109038394929
 4.45789309392653976
 -28.9322068359565172
 51.3930603053482145
 78.1512852509591909
 11.5537014248285903
 -15.4500332299389385
 -68.0485541753168945
 -38.1926423327370870
 26.0770340673696523
 16.9606865591714389
 11.2503579290220781
 -0.261560585150518443
 0.109117445127968768
 11.8197940473180285
 -1.82814677486954547
 -7.92869557805720326
 -13.2073809006055942
 -8.00477366115418576
 10.3784346165170653
 7.86699208904194425
 2.42422967523146138
 -0.124527546773445713
 -3.23836544402309112
 0.469006155046660433
 -0.284222497271771790
 -1.92673505349802476
 -1.88490614005818435
 -1.28838503397685855
 3.03680664015996937
 2.73805064799469866
 -0.573427720655038126E-02
 -0.658519656271275622
 -1.43812725017397480
 -0.257250847346720213
 0.326871319096231461
 -0.338533631190844231
 -0.141171839069981098
 0.737088824082015454E-02
 0.671142177512309646
 0.615370350438044222
 -0.205306993818155148
 -0.277797713269875735
 -0.414720657256510306
 -0.187035536573974231
 0.251991168876103400
 0.111812012487026685
 -0.556936695595009346E-02
