39.0
0.0
2.937928
0.104926
 0.106982510171656914E-03
 0.374954899408877607
 0.649492273166525580
 -0.146590142903237852
 0.253868937943054152
 0.217615422136102979E-04
 0.628409331964341270E-05
 0.132808092684438134E-01
 0.230185444646414349E-01
 -0.959582533369569834E-02
 0.166131134508994832E-01
 0.668079522790632208E-05
 0.421113859256273357E-05
 0.670044108408341180E-03
 0.117053570854109353E-02
 -0.676412692000228320E-03
 0.118336047187098982E-02
 -0.244457968579404189E-05
 0.103556396336293909E-04
 0.186719645714726601E-04
 0.478384078972969243E-04
 -0.446546881149841382E-04
 0.710207046770217120E-04
 0.446931536971905546E-05
 -0.530951181249666012E-05
 0.606403982513284423E-05
 -0.128188793752199046E-04
 0.167815531569000601E-04
 -0.153244884048690798E-04
 0.192616690065545992E-04
 -0.945326681880040240E-05
 0.118593303569591510E-04
 -0.164662305113581580E-04
 0.155749113653676913E-04
 -0.140618817224852630E-04
 0.445720677153243344E-05
 -0.655777313577674846E-05
 0.446119415206495951E-05
 -0.622592421607322572E-05
1.0
0.0
0.0
0.0
0.0
