39.0
0.0
2.937928 /total length of the structure
0.104926 /the length of the 3-cells
 0.107615173925688229E-03
 -0.749956028805393360
 -0.254450011045233818E-04
 0.293154389484692468
 0.164956756749748637E-04
 0.213286098215519082E-04
 0.589214442868490544E-05
 -0.265761462659472800E-01
 -0.793323153760090896E-05
 0.191862075206212512E-01
 0.402962613481254988E-05
 0.652419109322018020E-05
 0.439254789987778796E-05
 -0.134884476863565174E-02
 -0.514505497060810444E-05
 0.136339416486584881E-02
 -0.598744381817402458E-05
 -0.260065853236075839E-05
 0.103059185663086932E-04
 -0.510219245976346186E-04
 -0.768712049032950858E-05
 0.839036994282355703E-04
 0.316661213513653024E-05
 0.463271120583821916E-05
 -0.519651717550973794E-05
 0.811861438535649294E-05
 0.116089111199700892E-04
 -0.215959736959026732E-04
 -0.701841579161147966E-05
 0.191540315467794708E-04
 -0.956444542272895579E-05
 0.828773842891442070E-05
 0.187214402064415189E-04
 -0.200873164294245593E-04
 -0.640130262089549318E-05
 0.462181712776454923E-05
 -0.657602517739305926E-05
 0.333619180326559517E-05
 0.695458269465083258E-05
1.0
0.0
0.0
0.0
0.0
