39.0
-0.125985
0.125985
0.25197
 -533570.821465690155
 676404.454687634832
 -0.199801843432522033E-03
 1551829.44977875869
 -0.280123845715375686E-02
 397473.215672120044
 -0.154582544550664635E-02
 -306859.539036707487
 0.979636480844570112E-02
 -43049.5204592016671
 -0.153582555883343178E-02
 7554.78004941952531
 -0.133590540872633723E-01
 -51146.6955472818445
 0.103196445033937149E-01
 16104.6887138129005
 0.181551268534060131E-01
 8815.72375575007754
 -0.170629028754080390E-01
 -21455.2534235097010
 -0.109998686069416943E-01
 555.890616533993466
 0.459981687874337023E-02
 8196.09156685990274
 0.526919623448435324E-02
 1087.85846661889718
 0.173895167352355363E-01
 2748.93549106542969
 0.265394644940925677E-01
 934.320370420423842
 -0.901194660148338725E-02
 -2396.92003099465137
 0.295360933998913000E-01
 -1014.64511973735512
 -0.120101914865167747E-01
 31.7278246906553463
 -0.228793399880736006E-01
 -55.7652063317826574
 -0.641249314663557349E-02
1.0
0.0
0.0
0.0
0.0
