   49
   0.0
   1.318798
   1.318798
   0.1644024074311037     
  -0.1324009958969339     
   5.2013631298013001E-017
   4.3443060026047219E-002
   1.2998554109271867E-016
   8.5602654094946495E-002
   2.2497397977418567E-017
  -0.2433578169042885     
   1.4692111188566651E-016
   0.5297150596779437     
  -4.2408511633207077E-016
   0.7164884680963959     
  -6.9071715487988728E-016
  -5.2579522442877296E-003
  -1.8242075105187362E-016
  -5.5025369142193678E-002
  -7.2304212043673590E-017
   4.6845673335028933E-002
   8.0227815446958061E-017
  -2.3279346335638568E-002
  -7.7553554415776712E-017
   4.0800777539657775E-003
   8.6710491312973872E-017
   4.1378326533752169E-003
  -1.8082672130507415E-017
  -2.5040533340490805E-003
  -9.8658775740465998E-017
  -4.0654981400000964E-003
   1.8149808723693485E-016
   9.6630592067498289E-003
   4.1241304285451781E-017
  -8.5275895985990214E-003
   3.7162765097245538E-017
  -5.8078747006425020E-002
   1.8501804790760912E-016
  -2.4044337836660403E-002
   1.3828761865140339E-016
   1.0968240064697212E-002
   4.5333521597214215E-017
  -3.4461179858301418E-003
   8.2734825781423904E-017
  -8.1201564869443749E-004
  -1.0314744508018433E-016
   2.1438992904959380E-003
   6.4419999003979063E-017
  -1.4997753525697276E-003
   9.5981682343710608E-018
   1.8685171825676386E-004
   2.5905461353877490E-017
   1
   0.0
   1.318798
   1.318798
   0.0
