   79
  -0.199
   0.199
   0.398
   0.3821087245557310     
   0.3520064362673341     
  -1.3765496331247107E-009
   0.2722896022967263     
  -4.3127977278752094E-009
   0.1694065321683514     
  -8.5234548301622831E-009
   7.3185009673811446E-002
  -1.4688806050790972E-008
   4.7751733944331430E-003
  -2.0783622867175008E-008
  -2.9019951395559324E-002
  -2.1108607411940893E-008
  -3.3998516189740702E-002
  -1.8448044706037426E-008
  -2.2419926149882346E-002
  -7.3115978579136944E-009
  -6.5339057585158357E-003
   6.0763472184180026E-009
   5.5071656943803636E-003
   2.0511226500836384E-008
   1.0684920923279785E-002
   2.8894226099509636E-008
   9.9191262497027380E-003
   3.2846857698826891E-008
   5.9842354473344543E-003
   2.5410689779293471E-008
   1.6615846388965685E-003
   1.5359764681902912E-008
  -1.3055485044084333E-003
   1.2534440646197074E-009
  -2.4189791547475185E-003
  -1.4050450491898543E-008
  -2.0799056891251757E-003
  -2.7302429512455525E-008
  -1.0557674357738848E-003
  -2.9021610209972686E-008
  -3.7903594047075771E-005
  -2.8380189893078079E-008
   5.8394319617635323E-004
  -1.4837767308180807E-008
   7.3842045542741772E-004
  -5.3217952096087538E-009
   5.6299445383368703E-004
  -4.3837636155770472E-009
   2.6252395052398734E-004
   1.4650481634315274E-008
   2.7345000745758133E-006
   1.0275882568583784E-008
  -1.3616786863265094E-004
   1.1554532243300364E-008
  -1.5387918813270106E-004
   8.1805961001639249E-009
  -9.6226542915601510E-005
   1.8174877042079769E-008
  -1.8223011232931118E-005
   1.5496343520765566E-008
   4.0823528081304175E-005
   2.0738115990222388E-008
   6.5677395144770042E-005
   9.3111621872692456E-009
   6.0792072600051049E-005
   1.2958243635792417E-009
   4.0193355324432773E-005
  -4.5733418060646008E-009
   1.8141399969533640E-005
  -1.4140380364942817E-008
   3.3996818957040469E-006
  -2.5507521386756172E-008
  -1.7361342931027247E-006
  -3.2139239727248421E-008
   3.3860811040820933E-007
  -3.1389580291974934E-008
   5.5487729783592548E-006
  -3.0710845543863692E-008
   1.0277530171560758E-005
  -1.1600948977903836E-008
   1.2645817590293807E-005
   5.1773276876074655E-009
   1
  -0.199
   0.199
   0.398
   0.0
