   39
   0.0
   0.2
   0.2
   0.9091646163368621     
   0.5650971072685381     
  -8.6987955802009232E-004
   5.6973559713666820E-002
  -1.7540437325400983E-004
  -7.5547798327178284E-002
   3.4888464878481275E-004
  -1.4141006898981481E-002
   8.7072608687687245E-005
   1.2065091748122368E-002
  -9.2863464785010211E-005
   2.9577886361557655E-003
  -2.7319097732637664E-005
  -1.8306427696002741E-003
   1.9726696738482769E-005
  -4.7022931136439180E-004
   5.7910593318955725E-006
   3.4185652684605959E-004
  -4.7364124742997440E-006
   9.8962576775828547E-005
  -1.5234918441738780E-006
  -8.7534001094329711E-005
   1.4823428998494430E-006
  -6.1474637788588504E-005
   1.1357029731366915E-006
  -7.3012470822130178E-006
   1.4613365969523221E-007
   2.4773664506160368E-005
  -5.3397030483346639E-007
   1.3780188274412325E-005
  -3.1824694929130356E-007
  -3.7124943943886168E-006
   9.1443907648757081E-008
  -1.6671176574981565E-005
   4.3635762946017961E-007
   3.9242838840367354E-005
  -1.0876283245085071E-006
  -3.5650172131652720E-006
   1.0429360192422564E-007
   1
   0.0
   0.2
   0.2
   0.0
