 0.534272492529577758  /real and imaginary parts of the Fourier coefficients.
 -0.808334160034991256
 0.582867981453233652E-01
 -0.736257710840886426
 0.106817172558933637
 0.803007377973656150E-01
 -0.174871558039110322E-01
 0.258933345982297752E-01
 -0.784967225813815346E-02
 0.234321213835018499
 -0.881192317260021535E-01
 -0.113922922481130753E-01
 0.509652905111408067E-02
 0.540003463374445639E-03
 -0.124601567075551835E-03
 -0.638340315892357429E-01
 0.413425867088402718E-01
 -0.160083279202664353E-01
 0.122372263441386502E-01
 0.761222652191914217E-02
 -0.682961233887783084E-02
 0.771960487904143483E-02
 -0.770037940686334882E-02
 0.134728644196555510E-01
 -0.159151899463728860E-01
 -0.589300000103740434E-02
 0.815782427748531352E-02
 0.181455453360849714E-02
 -0.307616750331097134E-02
 -0.482126805875471211E-02
 0.926308325081549519E-02
 0.172887515254568219E-02
 -0.414559179376264731E-02
 -0.674005436058630158E-03
 0.226781737853562568E-02
 0.468374402191749928E-03
 -0.218587575550238753E-02
 0.408529729234532017E-04
 0.513239102840949159E-03
